0,210
18,3
0,209
0,208
0,207
0,205
32,6
32,5
32,4
32,3
32,2
32,1
32,0
0,202
0,201
0,302
0,301
31,4
31,3
31,2
31,1
31,0
0,299
30,4
30,3
30,2
30,1
30,0
0,62
0,61
0,290
0,289
29,4
29,3
29,2
29,1
29,0
0,55
0,313
0,54
0,280
0,2
0,282
28,5
28,4
28,3
28,2
0,281
28,1
28,0
0,315
0,277
0,274
27,4
27,3
27,2
0,309
27,1
27,0
0,307
0,305
0,304
26,4
26,3
26,2
0,303
26,1
26,0
0,198
0,197
0,300
0,298
0,297
25,3
25,2
0,296
25,1
25,0
0,295
0,293
0,292
24,4
24,3
24,2
0,9
0,291
24,1
24,0
0,58
0,243
0,57
0,288
0,286
14,3
0,285
13,3
0,272
0,271
23,3
23,2
0,12
0,11
0,275
0,276
0,10
0,284
0,8
23,1
23,0
0,7
3,3
0,51
0,5
10,309
0,543
10,308
0,542
10,307
10,306
0,541
10,305
0,540
10,304
10,303
0,539
10,302
0,538
10,301
11,27
0,537
10,300
10,299
0,536
10,298
8,18
8,17
0,535
10,297
0,534
10,296
10,295
0,533
10,294
0,532
10,293
10,292
0,531
10,291
0,530
10,290
11,26
10,289
0,529
10,288
0,528
10,287
10,286
0,527
10,285
0,526
10,284
10,283
0,525
10,282
0,524
10,281
10,280
0,523
10,279
0,522
10,278
10,277
0,521
10,276
0,520
11,25
10,275
9,7
0,519
10,274
10,273
0,518
10,272
0,517
10,271
10,270
0,516
10,269
0,515
10,268
10,267
0,514
10,266
0,513
10,265
10,264
0,512
8,16
10,263
0,511
10,262
10,261
0,510
10,260
11,24
0,509
10,259
10,258
0,508
10,257
0,507
10,256
0,506
10,255
10,254
0,505
11,23
10,253
0,504
10,252
